-0.25 -0.15 0.004
-0.25 -0.14 0.007
-0.25 -0.13 0.008
-0.25 -0.12 0.006
-0.25 -0.11 0.004
-0.25 -0.1 0.006
-0.25 -0.09 0.007
-0.25 -0.08 0.003
-0.25 -0.07 0.01
-0.25 -0.06 0.002
-0.25 -0.05 0.003
-0.25 -0.04 0.008
-0.25 -0.03 0.001
-0.25 -0.02 0.01
-0.25 -0.01 0.004
-0.25 -3.50177e-09 0.007
-0.25 0.01 0.001
-0.25 0.02 0.007
-0.25 0.03 0.003
-0.25 0.04 0.007
-0.25 0.05 0.002
-0.25 0.06 0.009
-0.25 0.07 0.008
-0.25 0.08 0.01
-0.25 0.09 0.003
-0.25 0.1 0.001
-0.25 0.11 0.003
-0.25 0.12 0.004
-0.25 0.13 0.008
-0.25 0.14 0.006
-0.24 -0.15 0.01
-0.24 -0.14 0.003
-0.24 -0.13 0.003
-0.24 -0.12 0.009
-0.24 -0.11 0.01
-0.24 -0.1 0.008
-0.24 -0.09 0.004
-0.24 -0.08 0.007
-0.24 -0.07 0.002
-0.24 -0.06 0.003
-0.24 -0.05 0.01
-0.24 -0.04 0.004
-0.24 -0.03 0.002
-0.24 -0.02 0.01
-0.24 -0.01 0.005
-0.24 -3.50177e-09 0.008
-0.24 0.01 0.009
-0.24 0.02 0.005
-0.24 0.03 0.006
-0.24 0.04 0.001
-0.24 0.05 0.004
-0.24 0.06 0.007
-0.24 0.07 0.002
-0.24 0.08 0.001
-0.24 0.09 0.007
-0.24 0.1 0.004
-0.24 0.11 0.003
-0.24 0.12 0.001
-0.24 0.13 0.007
-0.24 0.14 0.002
-0.23 -0.15 0.006
-0.23 -0.14 0.006
-0.23 -0.13 0.005
-0.23 -0.12 0.008
-0.23 -0.11 0.007
-0.23 -0.1 0.006
-0.23 -0.09 0.007
-0.23 -0.08 0.01
-0.23 -0.07 0.004
-0.23 -0.06 0.008
-0.23 -0.05 0.005
-0.23 -0.04 0.006
-0.23 -0.03 0.003
-0.23 -0.02 0.006
-0.23 -0.01 0.005
-0.23 -3.50177e-09 0.008
-0.23 0.01 0.005
-0.23 0.02 0.005
-0.23 0.03 0.004
-0.23 0.04 0.001
-0.23 0.05 0.008
-0.23 0.06 0.009
-0.23 0.07 0.007
-0.23 0.08 0.009
-0.23 0.09 0.009
-0.23 0.1 0.005
-0.23 0.11 0.004
-0.23 0.12 0.002
-0.23 0.13 0.005
-0.23 0.14 0.01
-0.22 -0.15 0.003
-0.22 -0.14 0.001
-0.22 -0.13 0.007
-0.22 -0.12 0.009
-0.22 -0.11 0.01
-0.22 -0.1 0.003
-0.22 -0.09 0.007
-0.22 -0.08 0.007
-0.22 -0.07 0.005
-0.22 -0.06 0.01
-0.22 -0.05 0.006
-0.22 -0.04 0.001
-0.22 -0.03 0.005
-0.22 -0.02 0.009
-0.22 -0.01 0.008
-0.22 -3.50177e-09 0.002
-0.22 0.01 0.008
-0.22 0.02 0.003
-0.22 0.03 0.008
-0.22 0.04 0.003
-0.22 0.05 0.003
-0.22 0.06 0.007
-0.22 0.07 0.002
-0.22 0.08 0.001
-0.22 0.09 0.007
-0.22 0.1 0.002
-0.22 0.11 0.006
-0.22 0.12 0.01
-0.22 0.13 0.005
-0.22 0.14 0.01
-0.21 -0.15 0.001
-0.21 -0.14 0.01
-0.21 -0.13 0.002
-0.21 -0.12 0.008
-0.21 -0.11 0.008
-0.21 -0.1 0.002
-0.21 -0.09 0.002
-0.21 -0.08 0.006
-0.21 -0.07 0.01
-0.21 -0.06 0.008
-0.21 -0.05 0.008
-0.21 -0.04 0.007
-0.21 -0.03 0.008
-0.21 -0.02 0.004
-0.21 -0.01 0.007
-0.21 -3.50177e-09 0.006
-0.21 0.01 0.007
-0.21 0.02 0.004
-0.21 0.03 0.01
-0.21 0.04 0.005
-0.21 0.05 0.009
-0.21 0.06 0.002
-0.21 0.07 0.003
-0.21 0.08 0.01
-0.21 0.09 0.004
-0.21 0.1 0.01
-0.21 0.11 0.001
-0.21 0.12 0.009
-0.21 0.13 0.009
-0.21 0.14 0.006
-0.2 -0.15 0.001
-0.2 -0.14 0.01
-0.2 -0.13 0.007
-0.2 -0.12 0.004
-0.2 -0.11 0.009
-0.2 -0.1 0.006
-0.2 -0.09 0.007
-0.2 -0.08 0.002
-0.2 -0.07 0.002
-0.2 -0.06 0.006
-0.2 -0.05 0.01
-0.2 -0.04 0.009
-0.2 -0.03 0.005
-0.2 -0.02 0.009
-0.2 -0.01 0.002
-0.2 -3.50177e-09 0.001
-0.2 0.01 0.004
-0.2 0.02 0.001
-0.2 0.03 0.005
-0.2 0.04 0.005
-0.2 0.05 0.005
-0.2 0.06 0.005
-0.2 0.07 0.008
-0.2 0.08 0.007
-0.2 0.09 0.004
-0.2 0.1 0.002
-0.2 0.11 0.008
-0.2 0.12 0.006
-0.2 0.13 0.01
-0.2 0.14 0.007
-0.19 -0.15 0.003
-0.19 -0.14 0.002
-0.19 -0.13 0.008
-0.19 -0.12 0.009
-0.19 -0.11 0.006
-0.19 -0.1 0.008
-0.19 -0.09 0.005
-0.19 -0.08 0.002
-0.19 -0.07 0.009
-0.19 -0.06 0.006
-0.19 -0.05 0.01
-0.19 -0.04 0.008
-0.19 -0.03 0.006
-0.19 -0.02 0.004
-0.19 -0.01 0.009
-0.19 -3.50177e-09 0.009
-0.19 0.01 0.004
-0.19 0.02 0.002
-0.19 0.03 0.009
-0.19 0.04 0.01
-0.19 0.05 0.007
-0.19 0.06 0.005
-0.19 0.07 0.004
-0.19 0.08 0.004
-0.19 0.09 0.004
-0.19 0.1 0.009
-0.19 0.11 0.007
-0.19 0.12 0.001
-0.19 0.13 0.005
-0.19 0.14 0.009
-0.18 -0.15 0.009
-0.18 -0.14 0.009
-0.18 -0.13 0.01
-0.18 -0.12 0.008
-0.18 -0.11 0.008
-0.18 -0.1 0.007
-0.18 -0.09 0.005
-0.18 -0.08 0.004
-0.18 -0.07 0.001
-0.18 -0.06 0.004
-0.18 -0.05 0.001
-0.18 -0.04 0.01
-0.18 -0.03 0.003
-0.18 -0.02 0.006
-0.18 -0.01 0.005
-0.18 -3.50177e-09 0.001
-0.18 0.01 0.006
-0.18 0.02 0.01
-0.18 0.03 0.005
-0.18 0.04 0.007
-0.18 0.05 0.01
-0.18 0.06 0.003
-0.18 0.07 0.003
-0.18 0.08 0.005
-0.18 0.09 0.008
-0.18 0.1 0.008
-0.18 0.11 0.006
-0.18 0.12 0.005
-0.18 0.13 0.009
-0.18 0.14 0.002
-0.17 -0.15 0.003
-0.17 -0.14 0.009
-0.17 -0.13 0.01
-0.17 -0.12 0.004
-0.17 -0.11 0.007
-0.17 -0.1 0.009
-0.17 -0.09 0.001
-0.17 -0.08 0.003
-0.17 -0.07 0.002
-0.17 -0.06 0.001
-0.17 -0.05 0.006
-0.17 -0.04 0.002
-0.17 -0.03 0.002
-0.17 -0.02 0.001
-0.17 -0.01 0.009
-0.17 -3.50177e-09 0.006
-0.17 0.01 0.001
-0.17 0.02 0.007
-0.17 0.03 0.005
-0.17 0.04 0.007
-0.17 0.05 0.003
-0.17 0.06 0.006
-0.17 0.07 0.009
-0.17 0.08 0.007
-0.17 0.09 0.003
-0.17 0.1 0.009
-0.17 0.11 0.005
-0.17 0.12 0.008
-0.17 0.13 0.003
-0.17 0.14 0.005
-0.16 -0.15 0.001
-0.16 -0.14 0.007
-0.16 -0.13 0.003
-0.16 -0.12 0.01
-0.16 -0.11 0.01
-0.16 -0.1 0.001
-0.16 -0.09 0.009
-0.16 -0.08 0.002
-0.16 -0.07 0.004
-0.16 -0.06 0.002
-0.16 -0.05 0.002
-0.16 -0.04 0.001
-0.16 -0.03 0.004
-0.16 -0.02 0.005
-0.16 -0.01 0.001
-0.16 -3.50177e-09 0.004
-0.16 0.01 0.01
-0.16 0.02 0.002
-0.16 0.03 0.01
-0.16 0.04 0.007
-0.16 0.05 0.01
-0.16 0.06 0.004
-0.16 0.07 0.004
-0.16 0.08 0.009
-0.16 0.09 0.001
-0.16 0.1 0.006
-0.16 0.11 0.007
-0.16 0.12 0.007
-0.16 0.13 0.005
-0.16 0.14 0.001
-0.15 -0.15 0.001
-0.15 -0.14 0.005
-0.15 -0.13 0.007
-0.15 -0.12 0.003
-0.15 -0.11 0.007
-0.15 -0.1 0.008
-0.15 -0.09 0.006
-0.15 -0.08 0.007
-0.15 -0.07 0.01
-0.15 -0.06 0.009
-0.15 -0.05 0.008
-0.15 -0.04 0.003
-0.15 -0.03 0.009
-0.15 -0.02 0.003
-0.15 -0.01 0.01
-0.15 -3.50177e-09 0.01
-0.15 0.01 0.007
-0.15 0.02 0.001
-0.15 0.03 0.003
-0.15 0.04 0.008
-0.15 0.05 0.007
-0.15 0.06 0.002
-0.15 0.07 0.004
-0.15 0.08 0.003
-0.15 0.09 0.002
-0.15 0.1 0.006
-0.15 0.11 0.01
-0.15 0.12 0.01
-0.15 0.13 0.002
-0.15 0.14 0.005
-0.14 -0.15 0.01
-0.14 -0.14 0.002
-0.14 -0.13 0.001
-0.14 -0.12 0.008
-0.14 -0.11 0.006
-0.14 -0.1 0.009
-0.14 -0.09 0.008
-0.14 -0.08 0.001
-0.14 -0.07 0.005
-0.14 -0.06 0.009
-0.14 -0.05 0.001
-0.14 -0.04 0.005
-0.14 -0.03 0.003
-0.14 -0.02 0.01
-0.14 -0.01 0.007
-0.14 -3.50177e-09 0.002
-0.14 0.01 0.001
-0.14 0.02 0.005
-0.14 0.03 0.003
-0.14 0.04 0.003
-0.14 0.05 0.003
-0.14 0.06 0.001
-0.14 0.07 0.006
-0.14 0.08 0.006
-0.14 0.09 0.003
-0.14 0.1 0.01
-0.14 0.11 0.001
-0.14 0.12 0.003
-0.14 0.13 0.009
-0.14 0.14 0.004
-0.13 -0.15 0.009
-0.13 -0.14 0.001
-0.13 -0.13 0.005
-0.13 -0.12 0.001
-0.13 -0.11 0.01
-0.13 -0.1 0.002
-0.13 -0.09 0.01
-0.13 -0.08 0.007
-0.13 -0.07 0.003
-0.13 -0.06 0.006
-0.13 -0.05 0.005
-0.13 -0.04 0.005
-0.13 -0.03 0.01
-0.13 -0.02 0.01
-0.13 -0.01 0.004
-0.13 -3.50177e-09 0.007
-0.13 0.01 0.001
-0.13 0.02 0.006
-0.13 0.03 0.001
-0.13 0.04 0.003
-0.13 0.05 0.01
-0.13 0.06 0.005
-0.13 0.07 0.004
-0.13 0.08 0.006
-0.13 0.09 0.002
-0.13 0.1 0.008
-0.13 0.11 0.005
-0.13 0.12 0.004
-0.13 0.13 0.002
-0.13 0.14 0.005
-0.12 -0.15 0.007
-0.12 -0.14 0.01
-0.12 -0.13 0.005
-0.12 -0.12 0.003
-0.12 -0.11 0.003
-0.12 -0.1 0.007
-0.12 -0.09 0.005
-0.12 -0.08 0.002
-0.12 -0.07 0.003
-0.12 -0.06 0.009
-0.12 -0.05 0.009
-0.12 -0.04 0.01
-0.12 -0.03 0.003
-0.12 -0.02 0.009
-0.12 -0.01 0.009
-0.12 -3.50177e-09 0.009
-0.12 0.01 0.007
-0.12 0.02 0.009
-0.12 0.03 0.004
-0.12 0.04 0.009
-0.12 0.05 0.004
-0.12 0.06 0.004
-0.12 0.07 0.004
-0.12 0.08 0.009
-0.12 0.09 0.001
-0.12 0.1 0.005
-0.12 0.11 0.008
-0.12 0.12 0.007
-0.12 0.13 0.009
-0.12 0.14 0.01
-0.11 -0.15 0.001
-0.11 -0.14 0.007
-0.11 -0.13 0.009
-0.11 -0.12 0.008
-0.11 -0.11 0.01
-0.11 -0.1 0.001
-0.11 -0.09 0.004
-0.11 -0.08 0.004
-0.11 -0.07 0.004
-0.11 -0.06 0.008
-0.11 -0.05 0.004
-0.11 -0.04 0.003
-0.11 -0.03 0.007
-0.11 -0.02 0.006
-0.11 -0.01 0.003
-0.11 -3.50177e-09 0.007
-0.11 0.01 0.006
-0.11 0.02 0.009
-0.11 0.03 0.008
-0.11 0.04 0.01
-0.11 0.05 0.007
-0.11 0.06 0.001
-0.11 0.07 0.005
-0.11 0.08 0.002
-0.11 0.09 0.001
-0.11 0.1 0.005
-0.11 0.11 0.009
-0.11 0.12 0.008
-0.11 0.13 0.001
-0.11 0.14 0.009
-0.0999999 -0.15 0.007
-0.0999999 -0.14 0.003
-0.0999999 -0.13 0.005
-0.0999999 -0.12 0.008
-0.0999999 -0.11 0.01
-0.0999999 -0.1 0.004
-0.0999999 -0.09 0.01
-0.0999999 -0.08 0.003
-0.0999999 -0.07 0.009
-0.0999999 -0.06 0.004
-0.0999999 -0.05 0.001
-0.0999999 -0.04 0.002
-0.0999999 -0.03 0.008
-0.0999999 -0.02 0.009
-0.0999999 -0.01 0.01
-0.0999999 -3.50177e-09 0.002
-0.0999999 0.01 0.006
-0.0999999 0.02 0.005
-0.0999999 0.03 0.01
-0.0999999 0.04 0.003
-0.0999999 0.05 0.006
-0.0999999 0.06 0.008
-0.0999999 0.07 0.005
-0.0999999 0.08 0.01
-0.0999999 0.09 0.01
-0.0999999 0.1 0.005
-0.0999999 0.11 0.006
-0.0999999 0.12 0.01
-0.0999999 0.13 0.004
-0.0999999 0.14 0.006
-0.0899999 -0.15 0.008
-0.0899999 -0.14 0.001
-0.0899999 -0.13 0.009
-0.0899999 -0.12 0.002
-0.0899999 -0.11 0.01
-0.0899999 -0.1 0.01
-0.0899999 -0.09 0.008
-0.0899999 -0.08 0.009
-0.0899999 -0.07 0.003
-0.0899999 -0.06 0.006
-0.0899999 -0.05 0.004
-0.0899999 -0.04 0.005
-0.0899999 -0.03 0.01
-0.0899999 -0.02 0.001
-0.0899999 -0.01 0.003
-0.0899999 -3.50177e-09 0.001
-0.0899999 0.01 0.002
-0.0899999 0.02 0.01
-0.0899999 0.03 0.007
-0.0899999 0.04 0.003
-0.0899999 0.05 0.002
-0.0899999 0.06 0.003
-0.0899999 0.07 0.001
-0.0899999 0.08 0.008
-0.0899999 0.09 0.004
-0.0899999 0.1 0.002
-0.0899999 0.11 0.002
-0.0899999 0.12 0.01
-0.0899999 0.13 0.001
-0.0899999 0.14 0.006
-0.0799999 -0.15 0.007
-0.0799999 -0.14 0.008
-0.0799999 -0.13 0.008
-0.0799999 -0.12 0.005
-0.0799999 -0.11 0.001
-0.0799999 -0.1 0.007
-0.0799999 -0.09 0.005
-0.0799999 -0.08 0.008
-0.0799999 -0.07 0.005
-0.0799999 -0.06 0.009
-0.0799999 -0.05 0.006
-0.0799999 -0.04 0.009
-0.0799999 -0.03 0.003
-0.0799999 -0.02 0.007
-0.0799999 -0.01 0.001
-0.0799999 -3.50177e-09 0.007
-0.0799999 0.01 0.007
-0.0799999 0.02 0.005
-0.0799999 0.03 0.007
-0.0799999 0.04 0.003
-0.0799999 0.05 0.009
-0.0799999 0.06 0.01
-0.0799999 0.07 0.007
-0.0799999 0.08 0.001
-0.0799999 0.09 0.008
-0.0799999 0.1 0.001
-0.0799999 0.11 0.002
-0.0799999 0.12 0.001
-0.0799999 0.13 0.002
-0.0799999 0.14 0.004
-0.0699999 -0.15 0.008
-0.0699999 -0.14 0.008
-0.0699999 -0.13 0.003
-0.0699999 -0.12 0.007
-0.0699999 -0.11 0.005
-0.0699999 -0.1 0.006
-0.0699999 -0.09 0.003
-0.0699999 -0.08 0.001
-0.0699999 -0.07 0.003
-0.0699999 -0.06 0.01
-0.0699999 -0.05 0.001
-0.0699999 -0.04 0.01
-0.0699999 -0.03 0.01
-0.0699999 -0.02 0.005
-0.0699999 -0.01 0.006
-0.0699999 -3.50177e-09 0.002
-0.0699999 0.01 0.001
-0.0699999 0.02 0.004
-0.0699999 0.03 0.008
-0.0699999 0.04 0.009
-0.0699999 0.05 0.009
-0.0699999 0.06 0.007
-0.0699999 0.07 0.001
-0.0699999 0.08 0.005
-0.0699999 0.09 0.007
-0.0699999 0.1 0.008
-0.0699999 0.11 0.007
-0.0699999 0.12 0.001
-0.0699999 0.13 0.01
-0.0699999 0.14 0.008
-0.0599999 -0.15 0.006
-0.0599999 -0.14 0.01
-0.0599999 -0.13 0.008
-0.0599999 -0.12 0.009
-0.0599999 -0.11 0.006
-0.0599999 -0.1 0.004
-0.0599999 -0.09 0.004
-0.0599999 -0.08 0.009
-0.0599999 -0.07 0.004
-0.0599999 -0.06 0.008
-0.0599999 -0.05 0.01
-0.0599999 -0.04 0.004
-0.0599999 -0.03 0.008
-0.0599999 -0.02 0.009
-0.0599999 -0.01 0.008
-0.0599999 -3.50177e-09 0.005
-0.0599999 0.01 0.002
-0.0599999 0.02 0.01
-0.0599999 0.03 0.001
-0.0599999 0.04 0.01
-0.0599999 0.05 0.009
-0.0599999 0.06 0.009
-0.0599999 0.07 0.006
-0.0599999 0.08 0.009
-0.0599999 0.09 0.005
-0.0599999 0.1 0.004
-0.0599999 0.11 0.008
-0.0599999 0.12 0.002
-0.0599999 0.13 0.004
-0.0599999 0.14 0.009
-0.0499999 -0.15 0.001
-0.0499999 -0.14 0.01
-0.0499999 -0.13 0.008
-0.0499999 -0.12 0.01
-0.0499999 -0.11 0.01
-0.0499999 -0.1 0.004
-0.0499999 -0.09 0.003
-0.0499999 -0.08 0.005
-0.0499999 -0.07 0.004
-0.0499999 -0.06 0.008
-0.0499999 -0.05 0.002
-0.0499999 -0.04 0.003
-0.0499999 -0.03 0.003
-0.0499999 -0.02 0.001
-0.0499999 -0.01 0.003
-0.0499999 -3.50177e-09 0.002
-0.0499999 0.01 0.008
-0.0499999 0.02 0.006
-0.0499999 0.03 0.002
-0.0499999 0.04 0.008
-0.0499999 0.05 0.005
-0.0499999 0.06 0.002
-0.0499999 0.07 0.008
-0.0499999 0.08 0.002
-0.0499999 0.09 0.002
-0.0499999 0.1 0.002
-0.0499999 0.11 0.008
-0.0499999 0.12 0.001
-0.0499999 0.13 0.005
-0.0499999 0.14 0.001
-0.0399999 -0.15 0.009
-0.0399999 -0.14 0.006
-0.0399999 -0.13 0.002
-0.0399999 -0.12 0.007
-0.0399999 -0.11 0.007
-0.0399999 -0.1 0.003
-0.0399999 -0.09 0.002
-0.0399999 -0.08 0.01
-0.0399999 -0.07 0.007
-0.0399999 -0.06 0.005
-0.0399999 -0.05 0.009
-0.0399999 -0.04 0.001
-0.0399999 -0.03 0.009
-0.0399999 -0.02 0.002
-0.0399999 -0.01 0.001
-0.0399999 -3.50177e-09 0.003
-0.0399999 0.01 0.003
-0.0399999 0.02 0.01
-0.0399999 0.03 0.008
-0.0399999 0.04 0.006
-0.0399999 0.05 0.007
-0.0399999 0.06 0.005
-0.0399999 0.07 0.007
-0.0399999 0.08 0.004
-0.0399999 0.09 0.008
-0.0399999 0.1 0.01
-0.0399999 0.11 0.008
-0.0399999 0.12 0.005
-0.0399999 0.13 0.01
-0.0399999 0.14 0.002
-0.0299999 -0.15 0.008
-0.0299999 -0.14 0.001
-0.0299999 -0.13 0.007
-0.0299999 -0.12 0.001
-0.0299999 -0.11 0.009
-0.0299999 -0.1 0.006
-0.0299999 -0.09 0.004
-0.0299999 -0.08 0.01
-0.0299999 -0.07 0.005
-0.0299999 -0.06 0.002
-0.0299999 -0.05 0.006
-0.0299999 -0.04 0.005
-0.0299999 -0.03 0.002
-0.0299999 -0.02 0.006
-0.0299999 -0.01 0.006
-0.0299999 -3.50177e-09 0.005
-0.0299999 0.01 0.01
-0.0299999 0.02 0.009
-0.0299999 0.03 0.004
-0.0299999 0.04 0.009
-0.0299999 0.05 0.006
-0.0299999 0.06 0.003
-0.0299999 0.07 0.003
-0.0299999 0.08 0.003
-0.0299999 0.09 0.008
-0.0299999 0.1 0.001
-0.0299999 0.11 0.004
-0.0299999 0.12 0.005
-0.0299999 0.13 0.007
-0.0299999 0.14 0.004
-0.0199999 -0.15 0.007
-0.0199999 -0.14 0.004
-0.0199999 -0.13 0.004
-0.0199999 -0.12 0.005
-0.0199999 -0.11 0.005
-0.0199999 -0.1 0.004
-0.0199999 -0.09 0.01
-0.0199999 -0.08 0.008
-0.0199999 -0.07 0.003
-0.0199999 -0.06 0.006
-0.0199999 -0.05 0.009
-0.0199999 -0.04 0.01
-0.0199999 -0.03 0.001
-0.0199999 -0.02 0.003
-0.0199999 -0.01 0.005
-0.0199999 -3.50177e-09 0.008
-0.0199999 0.01 0.007
-0.0199999 0.02 0.006
-0.0199999 0.03 0.008
-0.0199999 0.04 0.002
-0.0199999 0.05 0.004
-0.0199999 0.06 0.004
-0.0199999 0.07 0.004
-0.0199999 0.08 0.009
-0.0199999 0.09 0.006
-0.0199999 0.1 0.002
-0.0199999 0.11 0.001
-0.0199999 0.12 0.009
-0.0199999 0.13 0.008
-0.0199999 0.14 0.007
-0.00999994 -0.15 0.004
-0.00999994 -0.14 0.006
-0.00999994 -0.13 0.001
-0.00999994 -0.12 0.009
-0.00999994 -0.11 0.001
-0.00999994 -0.1 0.005
-0.00999994 -0.09 0.002
-0.00999994 -0.08 0.002
-0.00999994 -0.07 0.004
-0.00999994 -0.06 0.006
-0.00999994 -0.05 0.01
-0.00999994 -0.04 0.004
-0.00999994 -0.03 0.005
-0.00999994 -0.02 0.002
-0.00999994 -0.01 0.006
-0.00999994 -3.50177e-09 0.001
-0.00999994 0.01 0.009
-0.00999994 0.02 0.004
-0.00999994 0.03 0.006
-0.00999994 0.04 0.007
-0.00999994 0.05 0.006
-0.00999994 0.06 0.01
-0.00999994 0.07 0.01
-0.00999994 0.08 0.001
-0.00999994 0.09 0.008
-0.00999994 0.1 0.007
-0.00999994 0.11 0.004
-0.00999994 0.12 0.008
-0.00999994 0.13 0.007
-0.00999994 0.14 0.002
5.61029e-08 -0.15 0.006
5.61029e-08 -0.14 0.001
5.61029e-08 -0.13 0.007
5.61029e-08 -0.12 0.006
5.61029e-08 -0.11 0.001
5.61029e-08 -0.1 0.009
5.61029e-08 -0.09 0.002
5.61029e-08 -0.08 0.003
5.61029e-08 -0.07 0.003
5.61029e-08 -0.06 0.007
5.61029e-08 -0.05 0.01
5.61029e-08 -0.04 0.002
5.61029e-08 -0.03 0.001
5.61029e-08 -0.02 0.005
5.61029e-08 -0.01 0.003
5.61029e-08 -3.50177e-09 0.008
5.61029e-08 0.01 0.005
5.61029e-08 0.02 0.001
5.61029e-08 0.03 0.004
5.61029e-08 0.04 0.003
5.61029e-08 0.05 0.009
5.61029e-08 0.06 0.001
5.61029e-08 0.07 0.004
5.61029e-08 0.08 0.008
5.61029e-08 0.09 0.001
5.61029e-08 0.1 0.001
5.61029e-08 0.11 0.004
5.61029e-08 0.12 0.005
5.61029e-08 0.13 0.01
5.61029e-08 0.14 0.003
0.0100001 -0.15 0.008
0.0100001 -0.14 0.005
0.0100001 -0.13 0.003
0.0100001 -0.12 0.006
0.0100001 -0.11 0.003
0.0100001 -0.1 0.005
0.0100001 -0.09 0.005
0.0100001 -0.08 0.004
0.0100001 -0.07 0.009
0.0100001 -0.06 0.007
0.0100001 -0.05 0.001
0.0100001 -0.04 0.009
0.0100001 -0.03 0.01
0.0100001 -0.02 0.003
0.0100001 -0.01 0.003
0.0100001 -3.50177e-09 0.004
0.0100001 0.01 0.002
0.0100001 0.02 0.009
0.0100001 0.03 0.004
0.0100001 0.04 0.005
0.0100001 0.05 0.003
0.0100001 0.06 0.003
0.0100001 0.07 0.005
0.0100001 0.08 0.006
0.0100001 0.09 0.002
0.0100001 0.1 0.008
0.0100001 0.11 0.006
0.0100001 0.12 0.008
0.0100001 0.13 0.002
0.0100001 0.14 0.007
0.0200001 -0.15 0.01
0.0200001 -0.14 0.009
0.0200001 -0.13 0.002
0.0200001 -0.12 0.004
0.0200001 -0.11 0.004
0.0200001 -0.1 0.004
0.0200001 -0.09 0.008
0.0200001 -0.08 0.01
0.0200001 -0.07 0.009
0.0200001 -0.06 0.007
0.0200001 -0.05 0.008
0.0200001 -0.04 0.001
0.0200001 -0.03 0.005
0.0200001 -0.02 0.009
0.0200001 -0.01 0.005
0.0200001 -3.50177e-09 0.009
0.0200001 0.01 0.002
0.0200001 0.02 0.007
0.0200001 0.03 0.009
0.0200001 0.04 0.006
0.0200001 0.05 0.003
0.0200001 0.06 0.002
0.0200001 0.07 0.01
0.0200001 0.08 0.01
0.0200001 0.09 0.007
0.0200001 0.1 0.001
0.0200001 0.11 0.007
0.0200001 0.12 0.005
0.0200001 0.13 0.01
0.0200001 0.14 0.01
0.0300001 -0.15 0.001
0.0300001 -0.14 0.009
0.0300001 -0.13 0.01
0.0300001 -0.12 0.004
0.0300001 -0.11 0.002
0.0300001 -0.1 0.005
0.0300001 -0.09 0.009
0.0300001 -0.08 0.01
0.0300001 -0.07 0.007
0.0300001 -0.06 0.008
0.0300001 -0.05 0.008
0.0300001 -0.04 0.004
0.0300001 -0.03 0.008
0.0300001 -0.02 0.002
0.0300001 -0.01 0.003
0.0300001 -3.50177e-09 0.003
0.0300001 0.01 0.002
0.0300001 0.02 0.006
0.0300001 0.03 0.001
0.0300001 0.04 0.01
0.0300001 0.05 0.001
0.0300001 0.06 0.005
0.0300001 0.07 0.001
0.0300001 0.08 0.002
0.0300001 0.09 0.004
0.0300001 0.1 0.008
0.0300001 0.11 0.005
0.0300001 0.12 0.002
0.0300001 0.13 0.002
0.0300001 0.14 0.004
0.0400001 -0.15 0.001
0.0400001 -0.14 0.004
0.0400001 -0.13 0.003
0.0400001 -0.12 0.002
0.0400001 -0.11 0.008
0.0400001 -0.1 0.006
0.0400001 -0.09 0.007
0.0400001 -0.08 0.006
0.0400001 -0.07 0.005
0.0400001 -0.06 0.003
0.0400001 -0.05 0.003
0.0400001 -0.04 0.002
0.0400001 -0.03 0.008
0.0400001 -0.02 0.003
0.0400001 -0.01 0.005
0.0400001 -3.50177e-09 0.002
0.0400001 0.01 0.007
0.0400001 0.02 0.006
0.0400001 0.03 0.008
0.0400001 0.04 0.009
0.0400001 0.05 0.006
0.0400001 0.06 0.01
0.0400001 0.07 0.003
0.0400001 0.08 0.008
0.0400001 0.09 0.004
0.0400001 0.1 0.007
0.0400001 0.11 0.005
0.0400001 0.12 0.008
0.0400001 0.13 0.01
0.0400001 0.14 0.008
0.0500001 -0.15 0.003
0.0500001 -0.14 0.003
0.0500001 -0.13 0.002
0.0500001 -0.12 0.007
0.0500001 -0.11 0.004
0.0500001 -0.1 0.001
0.0500001 -0.09 0.003
0.0500001 -0.08 0.002
0.0500001 -0.07 0.006
0.0500001 -0.06 0.007
0.0500001 -0.05 0.006
0.0500001 -0.04 0.001
0.0500001 -0.03 0.001
0.0500001 -0.02 0.004
0.0500001 -0.01 0.005
0.0500001 -3.50177e-09 0.007
0.0500001 0.01 0.007
0.0500001 0.02 0.001
0.0500001 0.03 0.003
0.0500001 0.04 0.006
0.0500001 0.05 0.009
0.0500001 0.06 0.01
0.0500001 0.07 0.006
0.0500001 0.08 0.001
0.0500001 0.09 0.007
0.0500001 0.1 0.001
0.0500001 0.11 0.009
0.0500001 0.12 0.004
0.0500001 0.13 0.008
0.0500001 0.14 0.009
0.0600001 -0.15 0.003
0.0600001 -0.14 0.002
0.0600001 -0.13 0.001
0.0600001 -0.12 0.006
0.0600001 -0.11 0.009
0.0600001 -0.1 0.006
0.0600001 -0.09 0.006
0.0600001 -0.08 0.001
0.0600001 -0.07 0.008
0.0600001 -0.06 0.004
0.0600001 -0.05 0.009
0.0600001 -0.04 0.003
0.0600001 -0.03 0.004
0.0600001 -0.02 0.001
0.0600001 -0.01 0.008
0.0600001 -3.50177e-09 0.008
0.0600001 0.01 0.008
0.0600001 0.02 0.007
0.0600001 0.03 0.01
0.0600001 0.04 0.002
0.0600001 0.05 0.002
0.0600001 0.06 0.01
0.0600001 0.07 0.001
0.0600001 0.08 0.009
0.0600001 0.09 0.01
0.0600001 0.1 0.009
0.0600001 0.11 0.009
0.0600001 0.12 0.001
0.0600001 0.13 0.004
0.0600001 0.14 0.008
0.0700001 -0.15 0.001
0.0700001 -0.14 0.007
0.0700001 -0.13 0.01
0.0700001 -0.12 0.003
0.0700001 -0.11 0.002
0.0700001 -0.1 0.008
0.0700001 -0.09 0.008
0.0700001 -0.08 0.01
0.0700001 -0.07 0.008
0.0700001 -0.06 0.007
0.0700001 -0.05 0.003
0.0700001 -0.04 0.008
0.0700001 -0.03 0.002
0.0700001 -0.02 0.006
0.0700001 -0.01 0.009
0.0700001 -3.50177e-09 0.009
0.0700001 0.01 0.005
0.0700001 0.02 0.006
0.0700001 0.03 0.007
0.0700001 0.04 0.006
0.0700001 0.05 0.007
0.0700001 0.06 0.009
0.0700001 0.07 0.005
0.0700001 0.08 0.009
0.0700001 0.09 0.009
0.0700001 0.1 0.004
0.0700001 0.11 0.009
0.0700001 0.12 0.008
0.0700001 0.13 0.006
0.0700001 0.14 0.003
0.0800001 -0.15 0.005
0.0800001 -0.14 0.006
0.0800001 -0.13 0.001
0.0800001 -0.12 0.006
0.0800001 -0.11 0.008
0.0800001 -0.1 0.004
0.0800001 -0.09 0.003
0.0800001 -0.08 0.008
0.0800001 -0.07 0.003
0.0800001 -0.06 0.002
0.0800001 -0.05 0.004
0.0800001 -0.04 0.005
0.0800001 -0.03 0.01
0.0800001 -0.02 0.005
0.0800001 -0.01 0.002
0.0800001 -3.50177e-09 0.01
0.0800001 0.01 0.006
0.0800001 0.02 0.008
0.0800001 0.03 0.005
0.0800001 0.04 0.002
0.0800001 0.05 0.003
0.0800001 0.06 0.003
0.0800001 0.07 0.002
0.0800001 0.08 0.007
0.0800001 0.09 0.003
0.0800001 0.1 0.001
0.0800001 0.11 0.003
0.0800001 0.12 0.003
0.0800001 0.13 0.01
0.0800001 0.14 0.008
0.0900001 -0.15 0.005
0.0900001 -0.14 0.004
0.0900001 -0.13 0.006
0.0900001 -0.12 0.007
0.0900001 -0.11 0.002
0.0900001 -0.1 0.005
0.0900001 -0.09 0.001
0.0900001 -0.08 0.004
0.0900001 -0.07 0.002
0.0900001 -0.06 0.003
0.0900001 -0.05 0.008
0.0900001 -0.04 0.008
0.0900001 -0.03 0.01
0.0900001 -0.02 0.009
0.0900001 -0.01 0.002
0.0900001 -3.50177e-09 0.001
0.0900001 0.01 0.008
0.0900001 0.02 0.007
0.0900001 0.03 0.001
0.0900001 0.04 0.002
0.0900001 0.05 0.001
0.0900001 0.06 0.003
0.0900001 0.07 0.006
0.0900001 0.08 0.002
0.0900001 0.09 0.01
0.0900001 0.1 0.008
0.0900001 0.11 0.002
0.0900001 0.12 0.004
0.0900001 0.13 0.002
0.0900001 0.14 0.003
0.1 -0.15 0.001
0.1 -0.14 0.007
0.1 -0.13 0.009
0.1 -0.12 0.008
0.1 -0.11 0.005
0.1 -0.1 0.01
0.1 -0.09 0.003
0.1 -0.08 0.005
0.1 -0.07 0.005
0.1 -0.06 0.006
0.1 -0.05 0.01
0.1 -0.04 0.002
0.1 -0.03 0.003
0.1 -0.02 0.009
0.1 -0.01 0.01
0.1 -3.50177e-09 0.007
0.1 0.01 0.001
0.1 0.02 0.007
0.1 0.03 0.005
0.1 0.04 0.001
0.1 0.05 0.01
0.1 0.06 0.005
0.1 0.07 0.006
0.1 0.08 0.005
0.1 0.09 0.007
0.1 0.1 0.007
0.1 0.11 0.004
0.1 0.12 0.01
0.1 0.13 0.01
0.1 0.14 0.006
0.11 -0.15 0.003
0.11 -0.14 0.002
0.11 -0.13 0.004
0.11 -0.12 0.001
0.11 -0.11 0.01
0.11 -0.1 0.01
0.11 -0.09 0.002
0.11 -0.08 0.004
0.11 -0.07 0.005
0.11 -0.06 0.006
0.11 -0.05 0.009
0.11 -0.04 0.006
0.11 -0.03 0.008
0.11 -0.02 0.004
0.11 -0.01 0.004
0.11 -3.50177e-09 0.009
0.11 0.01 0.01
0.11 0.02 0.006
0.11 0.03 0.006
0.11 0.04 0.004
0.11 0.05 0.009
0.11 0.06 0.007
0.11 0.07 0.001
0.11 0.08 0.004
0.11 0.09 0.004
0.11 0.1 0.007
0.11 0.11 0.002
0.11 0.12 0.009
0.11 0.13 0.008
0.11 0.14 0.001
0.12 -0.15 0.006
0.12 -0.14 0.002
0.12 -0.13 0.002
0.12 -0.12 0.001
0.12 -0.11 0.004
0.12 -0.1 0.001
0.12 -0.09 0.001
0.12 -0.08 0.005
0.12 -0.07 0.006
0.12 -0.06 0.005
0.12 -0.05 0.003
0.12 -0.04 0.005
0.12 -0.03 0.01
0.12 -0.02 0.01
0.12 -0.01 0.01
0.12 -3.50177e-09 0.005
0.12 0.01 0.01
0.12 0.02 0.009
0.12 0.03 0.002
0.12 0.04 0.007
0.12 0.05 0.004
0.12 0.06 0.01
0.12 0.07 0.004
0.12 0.08 0.004
0.12 0.09 0.005
0.12 0.1 0.007
0.12 0.11 0.002
0.12 0.12 0.006
0.12 0.13 0.007
0.12 0.14 0.002
0.13 -0.15 0.008
0.13 -0.14 0.003
0.13 -0.13 0.003
0.13 -0.12 0.01
0.13 -0.11 0.003
0.13 -0.1 0.009
0.13 -0.09 0.002
0.13 -0.08 0.003
0.13 -0.07 0.005
0.13 -0.06 0.008
0.13 -0.05 0.009
0.13 -0.04 0.007
0.13 -0.03 0.004
0.13 -0.02 0.008
0.13 -0.01 0.008
0.13 -3.50177e-09 0.003
0.13 0.01 0.004
0.13 0.02 0.008
0.13 0.03 0.003
0.13 0.04 0.006
0.13 0.05 0.004
0.13 0.06 0.008
0.13 0.07 0.007
0.13 0.08 0.009
0.13 0.09 0.002
0.13 0.1 0.004
0.13 0.11 0.007
0.13 0.12 0.005
0.13 0.13 0.001
0.13 0.14 0.004
0.14 -0.15 0.006
0.14 -0.14 0.009
0.14 -0.13 0.006
0.14 -0.12 0.001
0.14 -0.11 0.01
0.14 -0.1 0.01
0.14 -0.09 0.009
0.14 -0.08 0.001
0.14 -0.07 0.003
0.14 -0.06 0.005
0.14 -0.05 0.01
0.14 -0.04 0.001
0.14 -0.03 0.002
0.14 -0.02 0.003
0.14 -0.01 0.001
0.14 -3.50177e-09 0.001
0.14 0.01 0.007
0.14 0.02 0.004
0.14 0.03 0.01
0.14 0.04 0.001
0.14 0.05 0.009
0.14 0.06 0.004
0.14 0.07 0.009
0.14 0.08 0.008
0.14 0.09 0.004
0.14 0.1 0.002
0.14 0.11 0.001
0.14 0.12 0.001
0.14 0.13 0.006
0.14 0.14 0.001
0.15 -0.15 0.004
0.15 -0.14 0.002
0.15 -0.13 0.009
0.15 -0.12 0.001
0.15 -0.11 0.002
0.15 -0.1 0.008
0.15 -0.09 0.01
0.15 -0.08 0.002
0.15 -0.07 0.001
0.15 -0.06 0.004
0.15 -0.05 0.006
0.15 -0.04 0.01
0.15 -0.03 0.005
0.15 -0.02 0.009
0.15 -0.01 0.005
0.15 -3.50177e-09 0.007
0.15 0.01 0.01
0.15 0.02 0.003
0.15 0.03 0.01
0.15 0.04 0.001
0.15 0.05 0.004
0.15 0.06 0.001
0.15 0.07 0.004
0.15 0.08 0.004
0.15 0.09 0.008
0.15 0.1 0.01
0.15 0.11 0.005
0.15 0.12 0.01
0.15 0.13 0.01
0.15 0.14 0.002
0.16 -0.15 0.01
0.16 -0.14 0.005
0.16 -0.13 0.003
0.16 -0.12 0.001
0.16 -0.11 0.007
0.16 -0.1 0.006
0.16 -0.09 0.01
0.16 -0.08 0.006
0.16 -0.07 0.007
0.16 -0.06 0.002
0.16 -0.05 0.002
0.16 -0.04 0.005
0.16 -0.03 0.004
0.16 -0.02 0.008
0.16 -0.01 0.003
0.16 -3.50177e-09 0.008
0.16 0.01 0.004
0.16 0.02 0.004
0.16 0.03 0.01
0.16 0.04 0.003
0.16 0.05 0.005
0.16 0.06 0.005
0.16 0.07 0.005
0.16 0.08 0.01
0.16 0.09 0.01
0.16 0.1 0.004
0.16 0.11 0.009
0.16 0.12 0.004
0.16 0.13 0.003
0.16 0.14 0.01
0.17 -0.15 0.006
0.17 -0.14 0.005
0.17 -0.13 0.004
0.17 -0.12 0.01
0.17 -0.11 0.005
0.17 -0.1 0.01
0.17 -0.09 0.006
0.17 -0.08 0.006
0.17 -0.07 0.008
0.17 -0.06 0.004
0.17 -0.05 0.01
0.17 -0.04 0.001
0.17 -0.03 0.008
0.17 -0.02 0.003
0.17 -0.01 0.008
0.17 -3.50177e-09 0.003
0.17 0.01 0.01
0.17 0.02 0.001
0.17 0.03 0.006
0.17 0.04 0.001
0.17 0.05 0.005
0.17 0.06 0.002
0.17 0.07 0.008
0.17 0.08 0.01
0.17 0.09 0.004
0.17 0.1 0.007
0.17 0.11 0.003
0.17 0.12 0.002
0.17 0.13 0.003
0.17 0.14 0.006
0.18 -0.15 0.004
0.18 -0.14 0.01
0.18 -0.13 0.002
0.18 -0.12 0.009
0.18 -0.11 0.009
0.18 -0.1 0.008
0.18 -0.09 0.001
0.18 -0.08 0.006
0.18 -0.07 0.003
0.18 -0.06 0.008
0.18 -0.05 0.01
0.18 -0.04 0.002
0.18 -0.03 0.01
0.18 -0.02 0.007
0.18 -0.01 0.004
0.18 -3.50177e-09 0.007
0.18 0.01 0.009
0.18 0.02 0.005
0.18 0.03 0.007
0.18 0.04 0.007
0.18 0.05 0.008
0.18 0.06 0.003
0.18 0.07 0.008
0.18 0.08 0.005
0.18 0.09 0.002
0.18 0.1 0.001
0.18 0.11 0.001
0.18 0.12 0.007
0.18 0.13 0.005
0.18 0.14 0.005
0.19 -0.15 0.004
0.19 -0.14 0.008
0.19 -0.13 0.004
0.19 -0.12 0.005
0.19 -0.11 0.008
0.19 -0.1 0.003
0.19 -0.09 0.002
0.19 -0.08 0.008
0.19 -0.07 0.01
0.19 -0.06 0.006
0.19 -0.05 0.007
0.19 -0.04 0.009
0.19 -0.03 0.01
0.19 -0.02 0.006
0.19 -0.01 0.006
0.19 -3.50177e-09 0.003
0.19 0.01 0.002
0.19 0.02 0.006
0.19 0.03 0.01
0.19 0.04 0.01
0.19 0.05 0.002
0.19 0.06 0.007
0.19 0.07 0.003
0.19 0.08 0.002
0.19 0.09 0.001
0.19 0.1 0.006
0.19 0.11 0.004
0.19 0.12 0.003
0.19 0.13 0.002
0.19 0.14 0.01
0.2 -0.15 0.008
0.2 -0.14 0.007
0.2 -0.13 0.009
0.2 -0.12 0.003
0.2 -0.11 0.001
0.2 -0.1 0.007
0.2 -0.09 0.005
0.2 -0.08 0.004
0.2 -0.07 0.004
0.2 -0.06 0.007
0.2 -0.05 0.01
0.2 -0.04 0.001
0.2 -0.03 0.005
0.2 -0.02 0.009
0.2 -0.01 0.006
0.2 -3.50177e-09 0.002
0.2 0.01 0.003
0.2 0.02 0.01
0.2 0.03 0.008
0.2 0.04 0.004
0.2 0.05 0.009
0.2 0.06 0.001
0.2 0.07 0.01
0.2 0.08 0.003
0.2 0.09 0.004
0.2 0.1 0.002
0.2 0.11 0.009
0.2 0.12 0.008
0.2 0.13 0.005
0.2 0.14 0.002
0.21 -0.15 0.007
0.21 -0.14 0.004
0.21 -0.13 0.009
0.21 -0.12 0.006
0.21 -0.11 0.006
0.21 -0.1 0.001
0.21 -0.09 0.002
0.21 -0.08 0.003
0.21 -0.07 0.007
0.21 -0.06 0.005
0.21 -0.05 0.009
0.21 -0.04 0.006
0.21 -0.03 0.007
0.21 -0.02 0.003
0.21 -0.01 0.006
0.21 -3.50177e-09 0.003
0.21 0.01 0.007
0.21 0.02 0.01
0.21 0.03 0.002
0.21 0.04 0.004
0.21 0.05 0.004
0.21 0.06 0.002
0.21 0.07 0.006
0.21 0.08 0.003
0.21 0.09 0.007
0.21 0.1 0.01
0.21 0.11 0.005
0.21 0.12 0.005
0.21 0.13 0.007
0.21 0.14 0.001
0.22 -0.15 0.008
0.22 -0.14 0.005
0.22 -0.13 0.004
0.22 -0.12 0.008
0.22 -0.11 0.01
0.22 -0.1 0.001
0.22 -0.09 0.001
0.22 -0.08 0.003
0.22 -0.07 0.003
0.22 -0.06 0.007
0.22 -0.05 0.01
0.22 -0.04 0.001
0.22 -0.03 0.004
0.22 -0.02 0.006
0.22 -0.01 0.006
0.22 -3.50177e-09 0.009
0.22 0.01 0.008
0.22 0.02 0.002
0.22 0.03 0.008
0.22 0.04 0.001
0.22 0.05 0.007
0.22 0.06 0.001
0.22 0.07 0.005
0.22 0.08 0.002
0.22 0.09 0.004
0.22 0.1 0.001
0.22 0.11 0.003
0.22 0.12 0.01
0.22 0.13 0.007
0.22 0.14 0.001
0.23 -0.15 0.01
0.23 -0.14 0.004
0.23 -0.13 0.006
0.23 -0.12 0.005
0.23 -0.11 0.004
0.23 -0.1 0.007
0.23 -0.09 0.005
0.23 -0.08 0.004
0.23 -0.07 0.002
0.23 -0.06 0.01
0.23 -0.05 0.002
0.23 -0.04 0.001
0.23 -0.03 0.01
0.23 -0.02 0.005
0.23 -0.01 0.006
0.23 -3.50177e-09 0.007
0.23 0.01 0.003
0.23 0.02 0.006
0.23 0.03 0.01
0.23 0.04 0.002
0.23 0.05 0.008
0.23 0.06 0.008
0.23 0.07 0.005
0.23 0.08 0.002
0.23 0.09 0.002
0.23 0.1 0.01
0.23 0.11 0.002
0.23 0.12 0.004
0.23 0.13 0.009
0.23 0.14 0.008
0.24 -0.15 0.005
0.24 -0.14 0.01
0.24 -0.13 0.004
0.24 -0.12 0.002
0.24 -0.11 0.004
0.24 -0.1 0.009
0.24 -0.09 0.008
0.24 -0.08 0.01
0.24 -0.07 0.004
0.24 -0.06 0.009
0.24 -0.05 0.009
0.24 -0.04 0.005
0.24 -0.03 0.001
0.24 -0.02 0.001
0.24 -0.01 0.009
0.24 -3.50177e-09 0.007
0.24 0.01 0.009
0.24 0.02 0.003
0.24 0.03 0.004
0.24 0.04 0.009
0.24 0.05 0.006
0.24 0.06 0.001
0.24 0.07 0.006
0.24 0.08 0.01
0.24 0.09 0.003
0.24 0.1 0.007
0.24 0.11 0.009
0.24 0.12 0.006
0.24 0.13 0.003
0.24 0.14 0.009
